Результирующая матрица:
    1  -156   155  -220   -44    14   229   228   132   132 
   51  -196    59  -122    36    89   206   -70   -69    35 
 -160  -188   -83   176  -240    42    15     4    84   -26 
  142  -211   -60  -228    10    74    25     7   -36   332 
 -258    69   -21   -86    22    49   -11   269   157   172 
  -30  -146   -37   213   -78    96   -50  -110   187    70 
  140   145    92  -181   -43  -173   -19    84  -257  -113 
  294  -158   -33  -265    36    11   112  -100  -175   107 
   37    95    84  -122    91    -5    51   -57  -162   -91 
 -116    34    21    43   -35   -83    -3     2    30   -41 

Время выполнения: 20 мкс (0.02 мс)
Объем задачи: 2000 операций
Размер матрицы: 10x10
